0.0	3.1372549019607843
1.6113438607798904e-05	4.137254901960784
3.222687721559781e-05	4.137254901960784
4.834031582339671e-05	4.137254901960784
6.445375443119562e-05	4.137254901960784
8.056719303899453e-05	1.1176470588235294
9.668063164679343e-05	1.1176470588235294
0.00011279407025459234	1.1176470588235294
0.00012890750886239123	1.1176470588235294
0.00014502094747019013	4.137254901960784
0.00016113438607798906	4.137254901960784
0.00017724782468578795	4.137254901960784
0.00019336126329358685	4.137254901960784
0.00020947470190138575	1.1176470588235294
0.00022558814050918467	1.1176470588235294
0.00024170157911698357	1.1176470588235294
0.00025781501772478247	4.137254901960784
0.00027392845633258137	4.137254901960784
0.00029004189494038026	4.137254901960784
0.00030615533354817916	4.137254901960784
0.0003222687721559781	1.1176470588235294
0.000338382210763777	1.1176470588235294
0.0003544956493715759	1.1176470588235294
0.0003706090879793748	1.1176470588235294
0.0003867225265871737	4.137254901960784
0.0004028359651949726	4.137254901960784
0.0004189494038027715	4.137254901960784
0.0004350628424105704	4.137254901960784
0.00045117628101836935	1.1176470588235294
0.00046728971962616824	1.1176470588235294
0.00048340315823396714	1.1176470588235294
0.000499516596841766	1.1176470588235294
0.0005156300354495649	4.137254901960784
0.0005317434740573639	4.137254901960784
0.0005478569126651627	4.137254901960784
0.0005639703512729617	4.137254901960784
0.0005800837898807605	1.1176470588235294
0.0005961972284885595	1.1176470588235294
0.0006123106670963583	1.1176470588235294
0.0006284241057041573	1.7058823529411766
0.0006445375443119562	4.137254901960784
0.0006606509829197551	4.137254901960784
0.000676764421527554	4.137254901960784
0.0006928778601353529	1.1176470588235294
0.0007089912987431518	1.1176470588235294
0.0007251047373509507	1.1176470588235294
0.0007412181759587496	1.1176470588235294
0.0007573316145665485	4.137254901960784
0.0007734450531743474	4.137254901960784
0.0007895584917821464	4.137254901960784
0.0008056719303899452	4.137254901960784
0.0008217853689977442	1.1176470588235294
0.000837898807605543	1.1176470588235294
0.0008540122462133419	1.1176470588235294
0.0008701256848211408	1.1176470588235294
0.0008862391234289397	4.137254901960784
0.0009023525620367387	4.137254901960784
0.0009184660006445375	4.137254901960784
0.0009345794392523365	4.137254901960784
0.0009506928778601353	1.1176470588235294
0.0009668063164679343	1.1176470588235294
0.0009829197550757331	1.1176470588235294
0.000999033193683532	1.1176470588235294
0.001015146632291331	4.137254901960784
0.0010312600708991299	4.137254901960784
0.0010473735095069287	4.137254901960784
0.0010634869481147278	1.5490196078431373
0.0010796003867225266	1.1176470588235294
0.0010957138253303255	1.1176470588235294
0.0011118272639381243	1.1176470588235294
0.0011279407025459234	4.137254901960784
0.0011440541411537222	4.137254901960784
0.001160167579761521	4.137254901960784
0.0011762810183693201	4.137254901960784
0.001192394456977119	1.1176470588235294
0.0012085078955849178	1.1176470588235294
0.0012246213341927166	1.1176470588235294
0.0012407347728005157	1.1176470588235294
0.0012568482114083145	4.137254901960784
0.0012729616500161134	4.137254901960784
0.0012890750886239124	4.137254901960784
0.0013051885272317113	4.137254901960784
0.0013213019658395101	1.1176470588235294
0.001337415404447309	1.1176470588235294
0.001353528843055108	1.1176470588235294
0.0013696422816629069	1.1176470588235294
0.0013857557202707057	4.137254901960784
0.0014018691588785046	4.137254901960784
0.0014179825974863036	4.137254901960784
0.0014340960360941025	4.137254901960784
0.0014502094747019013	1.1176470588235294
0.0014663229133097004	1.1176470588235294
0.0014824363519174992	1.1176470588235294
0.001498549790525298	4.137254901960784
0.001514663229133097	4.137254901960784
0.001530776667740896	4.137254901960784
0.0015468901063486948	4.137254901960784
0.0015630035449564937	1.1176470588235294
0.0015791169835642927	1.1176470588235294
0.0015952304221720916	1.1176470588235294
0.0016113438607798904	1.1176470588235294
0.0016274572993876892	4.137254901960784
0.0016435707379954883	4.137254901960784
0.0016596841766032871	4.137254901960784
0.001675797615211086	4.137254901960784
0.001691911053818885	1.1176470588235294
0.0017080244924266839	1.1176470588235294
0.0017241379310344827	1.1176470588235294
0.0017402513696422816	1.1176470588235294
0.0017563648082500806	4.137254901960784
0.0017724782468578795	4.137254901960784
0.0017885916854656783	4.137254901960784
0.0018047051240734774	4.137254901960784
0.0018208185626812762	1.1176470588235294
0.001836932001289075	1.1176470588235294
0.001853045439896874	1.1176470588235294
0.001869158878504673	3.607843137254902
0.0018852723171124718	4.137254901960784
0.0019013857557202707	4.137254901960784
0.0019174991943280695	4.137254901960784
0.0019336126329358686	1.1176470588235294
0.0019497260715436674	1.1176470588235294
0.0019658395101514663	1.1176470588235294
0.001981952948759265	1.1176470588235294
0.001998066387367064	4.137254901960784
0.002014179825974863	4.137254901960784
0.002030293264582662	4.137254901960784
0.002046406703190461	4.137254901960784
0.0020625201417982597	1.1176470588235294
0.0020786335804060586	1.1176470588235294
0.0020947470190138574	1.1176470588235294
0.0021108604576216563	1.1176470588235294
0.0021269738962294556	4.137254901960784
0.0021430873348372544	4.137254901960784
0.0021592007734450532	4.137254901960784
0.002175314212052852	4.137254901960784
0.002191427650660651	1.1176470588235294
0.0022075410892684498	1.1176470588235294
0.0022236545278762486	1.1176470588235294
0.002239767966484048	1.1176470588235294
0.0022558814050918467	4.137254901960784
0.0022719948436996456	4.137254901960784
0.0022881082823074444	4.137254901960784
0.0023042217209152433	1.2352941176470589
0.002320335159523042	1.1176470588235294
0.002336448598130841	1.1176470588235294
0.0023525620367386402	1.1176470588235294
0.002368675475346439	4.137254901960784
0.002384788913954238	4.137254901960784
0.0024009023525620368	4.137254901960784
0.0024170157911698356	4.137254901960784
0.0024331292297776344	1.1176470588235294
0.0024492426683854333	1.1176470588235294
0.0024653561069932326	1.1176470588235294
0.0024814695456010314	1.1176470588235294
0.0024975829842088302	4.137254901960784
0.002513696422816629	4.137254901960784
0.002529809861424428	4.137254901960784
0.0025459233000322268	4.137254901960784
0.0025620367386400256	1.1176470588235294
0.002578150177247825	1.1176470588235294
0.0025942636158556237	1.1176470588235294
0.0026103770544634226	1.1176470588235294
0.0026264904930712214	4.137254901960784
0.0026426039316790203	4.137254901960784
0.002658717370286819	4.137254901960784
0.002674830808894618	3.784313725490196
0.002690944247502417	1.1176470588235294
0.002707057686110216	1.1176470588235294
0.002723171124718015	1.1176470588235294
0.0027392845633258138	4.137254901960784
0.0027553980019336126	4.137254901960784
0.0027715114405414115	4.137254901960784
0.0027876248791492103	4.137254901960784
0.002803738317757009	1.1176470588235294
0.0028198517563648084	1.1176470588235294
0.0028359651949726073	1.1176470588235294
0.002852078633580406	1.1176470588235294
0.002868192072188205	4.137254901960784
0.002884305510796004	4.137254901960784
0.0029004189494038026	4.137254901960784
0.0029165323880116015	4.137254901960784
0.0029326458266194008	1.1176470588235294
0.0029487592652271996	1.1176470588235294
0.0029648727038349984	1.1176470588235294
0.0029809861424427973	1.1176470588235294
0.002997099581050596	4.137254901960784
0.003013213019658395	4.137254901960784
0.003029326458266194	4.137254901960784
0.003045439896873993	4.137254901960784
0.003061553335481792	1.1176470588235294
0.0030776667740895908	1.1176470588235294
0.0030937802126973896	1.1176470588235294
0.0031098936513051885	4.0588235294117645
0.0031260070899129873	4.137254901960784
0.003142120528520786	4.137254901960784
0.0031582339671285854	4.137254901960784
0.0031743474057363843	1.1176470588235294
0.003190460844344183	1.1176470588235294
0.003206574282951982	1.1176470588235294
0.003222687721559781	1.1176470588235294
0.0032388011601675796	4.137254901960784
0.0032549145987753785	4.137254901960784
0.0032710280373831778	4.137254901960784
0.0032871414759909766	4.137254901960784
0.0033032549145987754	1.1176470588235294
0.0033193683532065743	1.1176470588235294
0.003335481791814373	1.1176470588235294
0.003351595230422172	1.1176470588235294
0.003367708669029971	4.137254901960784
0.00338382210763777	4.137254901960784
0.003399935546245569	4.137254901960784
0.0034160489848533678	4.137254901960784
0.0034321624234611666	1.1176470588235294
0.0034482758620689655	1.1176470588235294
0.0034643893006767643	1.1176470588235294
0.003480502739284563	1.1176470588235294
0.0034966161778923624	4.137254901960784
0.0035127296165001613	4.137254901960784
0.00352884305510796	4.137254901960784
0.003544956493715759	1.1568627450980393
0.003561069932323558	1.1176470588235294
0.0035771833709313566	1.1176470588235294
0.0035932968095391555	1.1176470588235294
0.0036094102481469548	4.137254901960784
0.0036255236867547536	4.137254901960784
0.0036416371253625525	4.137254901960784
0.0036577505639703513	4.137254901960784
0.00367386400257815	1.1176470588235294
0.003689977441185949	1.1176470588235294
0.003706090879793748	1.1176470588235294
0.003722204318401547	1.1176470588235294
0.003738317757009346	4.137254901960784
0.003754431195617145	4.137254901960784
0.0037705446342249436	4.137254901960784
0.0037866580728327425	4.196078431372549
0.0038027715114405413	1.1176470588235294
0.00381888495004834	1.1176470588235294
0.003834998388656139	1.1176470588235294
0.0038511118272639383	1.1176470588235294
0.003867225265871737	4.137254901960784
0.003883338704479536	4.137254901960784
0.003899452143087335	4.137254901960784
0.003915565581695134	2.196078431372549
0.0039316790203029325	1.1176470588235294
0.003947792458910732	1.1176470588235294
0.00396390589751853	1.1176470588235294
0.0039800193361263295	4.137254901960784
0.003996132774734128	4.137254901960784
0.004012246213341927	4.137254901960784
0.004028359651949726	4.137254901960784
0.004044473090557525	1.1176470588235294
0.004060586529165324	1.1176470588235294
0.0040766999677731225	1.1176470588235294
0.004092813406380922	1.1176470588235294
0.00410892684498872	4.137254901960784
0.0041250402835965195	4.137254901960784
0.004141153722204319	4.137254901960784
0.004157267160812117	4.137254901960784
0.0041733805994199165	1.1176470588235294
0.004189494038027715	1.1176470588235294
0.004205607476635514	1.1176470588235294
0.0042217209152433125	1.1176470588235294
0.004237834353851112	4.137254901960784
0.004253947792458911	4.137254901960784
0.0042700612310667095	4.137254901960784
0.004286174669674509	4.137254901960784
0.004302288108282307	1.1176470588235294
0.0043184015468901065	1.1176470588235294
0.004334514985497905	1.1176470588235294
0.004350628424105704	4.137254901960784
0.0043667418627135034	4.137254901960784
0.004382855301321302	4.137254901960784
0.004398968739929101	4.137254901960784
0.0044150821785368995	1.1176470588235294
0.004431195617144699	1.1176470588235294
0.004447309055752497	1.1176470588235294
0.0044634224943602965	1.1176470588235294
0.004479535932968096	4.137254901960784
0.004495649371575894	4.137254901960784
0.0045117628101836935	4.137254901960784
0.004527876248791492	4.137254901960784
0.004543989687399291	1.1176470588235294
0.0045601031260070896	1.1176470588235294
0.004576216564614889	1.1176470588235294
0.004592330003222688	1.1176470588235294
0.0046084434418304865	4.137254901960784
0.004624556880438286	4.137254901960784
0.004640670319046084	4.137254901960784
0.0046567837576538835	4.137254901960784
0.004672897196261682	1.1176470588235294
0.004689010634869481	1.1176470588235294
0.0047051240734772804	1.1176470588235294
0.004721237512085079	2.8431372549019605
0.004737350950692878	4.137254901960784
0.0047534643893006765	4.137254901960784
0.004769577827908476	4.137254901960784
0.004785691266516274	1.1176470588235294
0.0048018047051240735	1.1176470588235294
0.004817918143731873	1.1176470588235294
0.004834031582339671	1.1176470588235294
0.0048501450209474705	4.137254901960784
0.004866258459555269	4.137254901960784
0.004882371898163068	4.137254901960784
0.004898485336770867	4.137254901960784
0.004914598775378666	1.1176470588235294
0.004930712213986465	1.1176470588235294
0.0049468256525942635	1.1176470588235294
0.004962939091202063	1.1176470588235294
0.004979052529809861	4.137254901960784
0.0049951659684176605	4.196078431372549
0.005011279407025459	4.137254901960784
0.005027392845633258	4.196078431372549
0.0050435062842410575	1.1176470588235294
0.005059619722848856	1.1176470588235294
0.005075733161456655	1.1176470588235294
0.0050918466000644536	1.1176470588235294
0.005107960038672253	4.196078431372549
0.005124073477280051	4.196078431372549
0.0051401869158878505	4.196078431372549
0.00515630035449565	1.1764705882352942
0.005172413793103448	1.1176470588235294
0.0051885272317112475	1.1176470588235294
0.005204640670319046	1.1176470588235294
0.005220754108926845	4.137254901960784
0.005236867547534644	4.196078431372549
0.005252980986142443	4.196078431372549
0.005269094424750242	4.137254901960784
0.0052852078633580405	1.1176470588235294
0.00530132130196584	1.1176470588235294
0.005317434740573638	1.1176470588235294
0.0053335481791814375	1.1176470588235294
0.005349661617789236	4.137254901960784
0.005365775056397035	4.196078431372549
0.005381888495004834	4.196078431372549
0.005398001933612633	4.196078431372549
0.005414115372220432	1.1176470588235294
0.0054302288108282306	1.1176470588235294
0.00544634224943603	1.1176470588235294
0.005462455688043828	1.1176470588235294
0.0054785691266516275	4.137254901960784
0.005494682565259426	4.196078431372549
0.005510796003867225	4.196078431372549
0.0055269094424750245	3.450980392156863
0.005543022881082823	1.1176470588235294
0.005559136319690622	1.1176470588235294
0.005575249758298421	1.1176470588235294
0.00559136319690622	4.137254901960784
0.005607476635514018	4.196078431372549
0.0056235900741218176	4.196078431372549
0.005639703512729617	4.137254901960784
0.005655816951337415	1.1176470588235294
0.0056719303899452145	1.1176470588235294
0.005688043828553013	1.1176470588235294
0.005704157267160812	1.1176470588235294
0.005720270705768611	4.137254901960784
0.00573638414437641	4.137254901960784
0.005752497582984209	4.137254901960784
0.005768611021592008	4.137254901960784
0.005784724460199807	1.1176470588235294
0.005800837898807605	1.1176470588235294
0.0058169513374154045	1.1176470588235294
0.005833064776023203	1.1176470588235294
0.005849178214631002	4.137254901960784
0.0058652916532388015	4.137254901960784
0.0058814050918466	4.137254901960784
0.005897518530454399	4.137254901960784
0.005913631969062198	1.1176470588235294
0.005929745407669997	1.1176470588235294
0.005945858846277795	1.1176470588235294
0.0059619722848855946	4.098039215686274
0.005978085723493394	4.137254901960784
0.005994199162101192	4.137254901960784
0.0060103126007089915	4.137254901960784
0.00602642603931679	1.1176470588235294
0.006042539477924589	1.1176470588235294
0.006058652916532388	1.1176470588235294
0.006074766355140187	1.1176470588235294
0.006090879793747986	4.137254901960784
0.006106993232355785	4.137254901960784
0.006123106670963584	4.137254901960784
0.006139220109571382	4.137254901960784
0.0061553335481791815	1.1176470588235294
0.00617144698678698	1.1176470588235294
0.006187560425394779	1.1176470588235294
0.0062036738640025785	1.1176470588235294
0.006219787302610377	4.137254901960784
0.006235900741218176	4.137254901960784
0.006252014179825975	4.137254901960784
0.006268127618433774	4.137254901960784
0.006284241057041572	1.1176470588235294
0.006300354495649372	1.1176470588235294
0.006316467934257171	1.1176470588235294
0.006332581372864969	1.2352941176470589
0.0063486948114727685	4.137254901960784
0.006364808250080567	4.137254901960784
0.006380921688688366	4.137254901960784
0.006397035127296165	1.1176470588235294
0.006413148565903964	1.1176470588235294
0.006429262004511763	1.1176470588235294
0.006445375443119562	1.1176470588235294
0.006461488881727361	4.137254901960784
0.006477602320335159	4.137254901960784
0.0064937157589429586	4.137254901960784
0.006509829197550757	4.137254901960784
0.006525942636158556	1.1176470588235294
0.0065420560747663555	1.1176470588235294
0.006558169513374154	1.1176470588235294
0.006574282951981953	1.1176470588235294
0.006590396390589752	4.137254901960784
0.006606509829197551	4.137254901960784
0.006622623267805349	4.137254901960784
0.006638736706413149	4.137254901960784
0.006654850145020948	1.1176470588235294
0.006670963583628746	1.1176470588235294
0.0066870770222365455	1.1176470588235294
0.006703190460844344	1.1176470588235294
0.006719303899452143	4.137254901960784
0.006735417338059942	4.137254901960784
0.006751530776667741	4.137254901960784
0.00676764421527554	1.8823529411764706
0.006783757653883339	1.1176470588235294
0.006799871092491138	1.1176470588235294
0.006815984531098936	1.1176470588235294
0.0068320979697067356	4.137254901960784
0.006848211408314534	4.137254901960784
0.006864324846922333	4.137254901960784
0.0068804382855301325	4.137254901960784
0.006896551724137931	1.1176470588235294
0.00691266516274573	1.1176470588235294
0.006928778601353529	1.1176470588235294
0.006944892039961328	1.1176470588235294
0.006961005478569126	4.137254901960784
0.006977118917176926	4.137254901960784
0.006993232355784725	4.137254901960784
0.007009345794392523	4.137254901960784
0.0070254592330003226	1.1176470588235294
0.007041572671608121	1.1176470588235294
0.00705768611021592	1.1176470588235294
0.007073799548823719	1.1176470588235294
0.007089912987431518	4.137254901960784
0.007106026426039317	4.137254901960784
0.007122139864647116	4.137254901960784
0.007138253303254915	4.137254901960784
0.007154366741862713	1.1176470588235294
0.007170480180470513	1.1176470588235294
0.007186593619078311	1.1176470588235294
0.00720270705768611	4.137254901960784
0.0072188204962939095	4.137254901960784
0.007234933934901708	4.137254901960784
0.007251047373509507	4.137254901960784
0.007267160812117306	1.1176470588235294
0.007283274250725105	1.1176470588235294
0.007299387689332903	1.1176470588235294
0.007315501127940703	1.1176470588235294
0.007331614566548502	4.137254901960784
0.0073477280051563	4.137254901960784
0.0073638414437640996	4.137254901960784
0.007379954882371898	4.137254901960784
0.007396068320979697	1.1176470588235294
0.007412181759587496	1.1176470588235294
0.007428295198195295	1.1176470588235294
0.007444408636803094	1.1176470588235294
0.007460522075410893	4.137254901960784
0.007476635514018692	4.137254901960784
0.00749274895262649	4.137254901960784
0.00750886239123429	4.137254901960784
0.007524975829842088	1.1176470588235294
0.007541089268449887	1.1176470588235294
0.007557202707057686	1.1176470588235294
0.007573316145665485	2.0392156862745097
0.007589429584273284	4.137254901960784
0.007605543022881083	4.137254901960784
0.007621656461488882	4.137254901960784
0.00763776990009668	1.1176470588235294
0.00765388333870448	1.1176470588235294
0.007669996777312278	1.1176470588235294
0.007686110215920077	1.1176470588235294
0.007702223654527877	4.137254901960784
0.007718337093135675	4.137254901960784
0.007734450531743474	4.137254901960784
0.007750563970351273	4.137254901960784
0.007766677408959072	1.1176470588235294
0.00778279084756687	1.1176470588235294
0.00779890428617467	1.1176470588235294
0.007815017724782469	1.1176470588235294
0.007831131163390268	4.137254901960784
0.007847244601998066	4.137254901960784
0.007863358040605865	4.137254901960784
0.007879471479213664	4.137254901960784
0.007895584917821464	1.1176470588235294
0.007911698356429263	1.1176470588235294
0.00792781179503706	1.1176470588235294
0.00794392523364486	1.1176470588235294
0.007960038672252659	4.137254901960784
0.007976152110860458	4.137254901960784
0.007992265549468256	4.137254901960784
0.008008378988076055	1.3137254901960784
0.008024492426683854	1.1176470588235294
0.008040605865291654	1.1176470588235294
0.008056719303899453	1.1176470588235294
0.00807283274250725	4.137254901960784
0.00808894618111505	4.137254901960784
0.008105059619722849	4.137254901960784
0.008121173058330648	4.137254901960784
0.008137286496938448	1.1176470588235294
0.008153399935546245	1.1176470588235294
0.008169513374154044	1.1176470588235294
0.008185626812761844	1.1176470588235294
0.008201740251369643	4.137254901960784
0.00821785368997744	4.137254901960784
0.00823396712858524	4.137254901960784
0.008250080567193039	4.137254901960784
0.008266194005800838	1.1176470588235294
0.008282307444408638	1.1176470588235294
0.008298420883016435	1.1176470588235294
0.008314534321624234	1.1176470588235294
0.008330647760232034	4.137254901960784
0.008346761198839833	4.137254901960784
0.008362874637447632	4.137254901960784
0.00837898807605543	4.098039215686274
0.008395101514663229	1.1176470588235294
0.008411214953271028	1.1176470588235294
0.008427328391878828	1.1176470588235294
0.008443441830486625	4.137254901960784
0.008459555269094424	4.137254901960784
0.008475668707702224	4.137254901960784
0.008491782146310023	4.137254901960784
0.008507895584917822	1.1176470588235294
0.00852400902352562	1.1176470588235294
0.008540122462133419	1.1176470588235294
0.008556235900741218	1.1176470588235294
0.008572349339349018	4.137254901960784
0.008588462777956815	4.137254901960784
0.008604576216564614	4.137254901960784
0.008620689655172414	4.137254901960784
0.008636803093780213	1.1176470588235294
0.008652916532388012	1.1176470588235294
0.00866902997099581	1.1176470588235294
0.008685143409603609	1.1176470588235294
0.008701256848211408	4.137254901960784
0.008717370286819208	4.137254901960784
0.008733483725427007	4.137254901960784
0.008749597164034804	4.196078431372549
0.008765710602642604	1.1176470588235294
0.008781824041250403	1.1176470588235294
0.008797937479858202	1.1176470588235294
0.008814050918466	3.9019607843137254
0.008830164357073799	4.137254901960784
0.008846277795681598	4.137254901960784
0.008862391234289398	4.137254901960784
0.008878504672897197	1.1176470588235294
0.008894618111504994	1.1176470588235294
0.008910731550112794	1.1176470588235294
0.008926844988720593	1.1176470588235294
0.008942958427328392	4.137254901960784
0.008959071865936192	4.137254901960784
0.008975185304543989	4.137254901960784
0.008991298743151788	4.137254901960784
0.009007412181759588	1.1176470588235294
0.009023525620367387	1.1176470588235294
0.009039639058975184	1.1176470588235294
0.009055752497582984	1.1176470588235294
0.009071865936190783	4.137254901960784
0.009087979374798582	4.137254901960784
0.009104092813406382	4.137254901960784
0.009120206252014179	4.137254901960784
0.009136319690621978	1.1176470588235294
0.009152433129229778	1.1176470588235294
0.009168546567837577	1.1176470588235294
0.009184660006445376	1.1176470588235294
0.009200773445053174	4.137254901960784
0.009216886883660973	4.137254901960784
0.009233000322268772	4.137254901960784
0.009249113760876572	1.1568627450980393
0.00926522719948437	1.1176470588235294
0.009281340638092168	1.1176470588235294
0.009297454076699968	1.1176470588235294
0.009313567515307767	4.137254901960784
0.009329680953915566	4.137254901960784
0.009345794392523364	4.137254901960784
0.009361907831131163	4.196078431372549
0.009378021269738962	1.1176470588235294
0.009394134708346762	1.1176470588235294
0.009410248146954561	1.1176470588235294
0.009426361585562358	1.1176470588235294
0.009442475024170158	4.137254901960784
0.009458588462777957	4.137254901960784
0.009474701901385756	4.137254901960784
0.009490815339993554	4.137254901960784
0.009506928778601353	1.1176470588235294
0.009523042217209152	1.1176470588235294
0.009539155655816952	1.1176470588235294
0.009555269094424751	1.1176470588235294
0.009571382533032548	4.137254901960784
0.009587495971640348	4.137254901960784
0.009603609410248147	4.137254901960784
0.009619722848855946	2.4901960784313726
0.009635836287463746	1.1176470588235294
0.009651949726071543	1.1176470588235294
0.009668063164679342	1.1176470588235294
0.009684176603287142	4.137254901960784
0.009700290041894941	4.137254901960784
0.009716403480502738	4.137254901960784
0.009732516919110538	4.137254901960784
0.009748630357718337	1.1176470588235294
0.009764743796326136	1.1176470588235294
0.009780857234933936	1.1176470588235294
0.009796970673541733	1.1176470588235294
0.009813084112149532	4.137254901960784
0.009829197550757332	4.137254901960784
0.009845310989365131	4.137254901960784
0.00986142442797293	4.137254901960784
0.009877537866580728	1.1176470588235294
0.009893651305188527	1.1176470588235294
0.009909764743796326	1.1176470588235294
0.009925878182404126	1.1176470588235294
0.009941991621011923	4.137254901960784
0.009958105059619722	4.137254901960784
0.009974218498227522	4.137254901960784
0.009990331936835321	4.137254901960784
0.01000644537544312	1.1176470588235294
0.010022558814050918	1.1176470588235294
0.010038672252658717	1.1176470588235294
0.010054785691266516	4.137254901960784
0.010070899129874316	4.137254901960784
0.010087012568482115	4.137254901960784
0.010103126007089912	4.137254901960784
0.010119239445697712	1.1176470588235294
0.010135352884305511	1.1176470588235294
0.01015146632291331	1.1176470588235294
0.010167579761521108	1.1176470588235294
0.010183693200128907	4.137254901960784
0.010199806638736706	4.137254901960784
0.010215920077344506	4.137254901960784
0.010232033515952305	4.137254901960784
0.010248146954560102	1.1176470588235294
0.010264260393167902	1.1176470588235294
0.010280373831775701	1.1176470588235294
0.0102964872703835	1.1176470588235294
0.0103126007089913	4.137254901960784
0.010328714147599097	4.137254901960784
0.010344827586206896	4.137254901960784
0.010360941024814696	4.137254901960784
0.010377054463422495	1.1176470588235294
0.010393167902030293	1.1176470588235294
0.010409281340638092	1.1176470588235294
0.010425394779245891	2.4901960784313726
0.01044150821785369	4.137254901960784
0.01045762165646149	4.137254901960784
0.010473735095069287	4.137254901960784
0.010489848533677086	1.1176470588235294
0.010505961972284886	1.1176470588235294
0.010522075410892685	1.1176470588235294
0.010538188849500484	1.1176470588235294
0.010554302288108282	4.137254901960784
0.010570415726716081	4.137254901960784
0.01058652916532388	4.137254901960784
0.01060264260393168	4.137254901960784
0.010618756042539477	1.1176470588235294
0.010634869481147276	1.1176470588235294
0.010650982919755076	1.1176470588235294
0.010667096358362875	1.1176470588235294
0.010683209796970674	4.137254901960784
0.010699323235578472	4.137254901960784
0.010715436674186271	4.137254901960784
0.01073155011279407	4.196078431372549
0.01074766355140187	1.1176470588235294
0.010763776990009667	1.1176470588235294
0.010779890428617466	1.1176470588235294
0.010796003867225266	1.1176470588235294
0.010812117305833065	4.137254901960784
0.010828230744440864	4.137254901960784
0.010844344183048662	4.137254901960784
0.010860457621656461	1.2156862745098038
0.01087657106026426	1.1176470588235294
0.01089268449887206	1.1176470588235294
0.010908797937479859	1.1176470588235294
0.010924911376087657	4.137254901960784
0.010941024814695456	4.137254901960784
0.010957138253303255	4.137254901960784
0.010973251691911054	4.137254901960784
0.010989365130518852	1.1176470588235294
0.011005478569126651	1.1176470588235294
0.01102159200773445	1.1176470588235294
0.01103770544634225	1.1176470588235294
0.011053818884950049	4.137254901960784
0.011069932323557847	4.137254901960784
0.011086045762165646	4.137254901960784
0.011102159200773445	4.137254901960784
0.011118272639381244	1.1176470588235294
0.011134386077989044	1.1176470588235294
0.011150499516596841	1.1176470588235294
0.01116661295520464	1.1176470588235294
0.01118272639381244	4.137254901960784
0.011198839832420239	4.137254901960784
0.011214953271028037	4.137254901960784
0.011231066709635836	3.764705882352941
0.011247180148243635	1.1176470588235294
0.011263293586851434	1.1176470588235294
0.011279407025459234	1.1176470588235294
0.011295520464067031	4.137254901960784
0.01131163390267483	4.137254901960784
0.01132774734128263	4.137254901960784
0.011343860779890429	4.137254901960784
0.011359974218498228	1.1176470588235294
0.011376087657106026	1.1176470588235294
0.011392201095713825	1.1176470588235294
0.011408314534321624	1.1176470588235294
0.011424427972929424	4.137254901960784
0.011440541411537221	4.137254901960784
0.01145665485014502	4.137254901960784
0.01147276828875282	4.196078431372549
0.011488881727360619	1.1176470588235294
0.011504995165968418	1.1176470588235294
0.011521108604576216	1.1176470588235294
0.011537222043184015	1.1176470588235294
0.011553335481791814	4.137254901960784
0.011569448920399614	4.137254901960784
0.011585562359007413	4.137254901960784
0.01160167579761521	4.196078431372549
0.01161778923622301	1.1176470588235294
0.011633902674830809	1.1176470588235294
0.011650016113438608	1.1176470588235294
0.011666129552046406	4.0588235294117645
0.011682242990654205	4.137254901960784
0.011698356429262004	4.196078431372549
0.011714469867869804	4.137254901960784
0.011730583306477603	1.1176470588235294
0.0117466967450854	1.1176470588235294
0.0117628101836932	1.1176470588235294
0.011778923622300999	1.1176470588235294
0.011795037060908798	4.137254901960784
0.011811150499516598	4.137254901960784
0.011827263938124395	4.137254901960784
0.011843377376732194	4.137254901960784
0.011859490815339994	1.1176470588235294
0.011875604253947793	1.1176470588235294
0.01189171769255559	1.1176470588235294
0.01190783113116339	1.1176470588235294
0.011923944569771189	4.137254901960784
0.011940058008378988	4.137254901960784
0.011956171446986788	4.196078431372549
0.011972284885594585	4.196078431372549
0.011988398324202384	1.1176470588235294
0.012004511762810184	1.1176470588235294
0.012020625201417983	1.1176470588235294
0.012036738640025782	1.1176470588235294
0.01205285207863358	4.137254901960784
0.01206896551724138	4.137254901960784
0.012085078955849178	4.137254901960784
0.012101192394456978	1.1568627450980393
0.012117305833064775	1.1176470588235294
0.012133419271672575	1.1176470588235294
0.012149532710280374	1.1176470588235294
0.012165646148888173	4.137254901960784
0.012181759587495972	4.196078431372549
0.01219787302610377	4.137254901960784
0.01221398646471157	4.137254901960784
0.012230099903319368	1.1176470588235294
0.012246213341927168	1.1176470588235294
0.012262326780534967	1.1176470588235294
0.012278440219142765	1.1176470588235294
0.012294553657750564	4.137254901960784
0.012310667096358363	4.137254901960784
0.012326780534966162	4.137254901960784
0.01234289397357396	4.137254901960784
0.01235900741218176	1.1176470588235294
0.012375120850789558	1.1176470588235294
0.012391234289397358	1.1176470588235294
0.012407347728005157	1.1176470588235294
0.012423461166612955	4.137254901960784
0.012439574605220754	4.137254901960784
0.012455688043828553	4.137254901960784
0.012471801482436352	3.1176470588235294
0.012487914921044152	1.1176470588235294
0.01250402835965195	1.1176470588235294
0.012520141798259748	1.1176470588235294
0.012536255236867548	4.137254901960784
0.012552368675475347	4.137254901960784
0.012568482114083145	4.137254901960784
0.012584595552690944	4.137254901960784
0.012600708991298743	1.1176470588235294
0.012616822429906542	1.1176470588235294
0.012632935868514342	1.1176470588235294
0.01264904930712214	1.1176470588235294
0.012665162745729939	4.137254901960784
0.012681276184337738	4.137254901960784
0.012697389622945537	4.137254901960784
0.012713503061553336	4.137254901960784
0.012729616500161134	1.1176470588235294
0.012745729938768933	1.1176470588235294
0.012761843377376732	1.1176470588235294
0.012777956815984532	1.1176470588235294
0.01279407025459233	4.137254901960784
0.012810183693200129	4.137254901960784
0.012826297131807928	4.137254901960784
0.012842410570415727	4.137254901960784
0.012858524009023526	1.1176470588235294
0.012874637447631324	1.1176470588235294
0.012890750886239123	1.1176470588235294
0.012906864324846922	4.137254901960784
0.012922977763454722	4.196078431372549
0.01293909120206252	4.196078431372549
0.012955204640670319	4.196078431372549
0.012971318079278118	1.1176470588235294
0.012987431517885917	1.1176470588235294
0.013003544956493716	1.1176470588235294
0.013019658395101514	1.1176470588235294
0.013035771833709313	4.196078431372549
0.013051885272317112	4.196078431372549
0.013067998710924912	4.196078431372549
0.013084112149532711	4.196078431372549
0.013100225588140509	1.1176470588235294
0.013116339026748308	1.1176470588235294
0.013132452465356107	1.1176470588235294
0.013148565903963906	1.1176470588235294
0.013164679342571704	4.196078431372549
0.013180792781179503	4.196078431372549
0.013196906219787303	4.196078431372549
0.013213019658395102	4.196078431372549
0.013229133097002901	1.1176470588235294
0.013245246535610699	1.1176470588235294
0.013261359974218498	1.1176470588235294
0.013277473412826297	1.7058823529411766
0.013293586851434096	4.196078431372549
0.013309700290041896	4.196078431372549
0.013325813728649693	4.196078431372549
0.013341927167257493	1.1568627450980393
0.013358040605865292	1.1176470588235294
0.013374154044473091	1.1176470588235294
0.013390267483080889	1.1176470588235294
0.013406380921688688	4.137254901960784
0.013422494360296487	4.196078431372549
0.013438607798904286	4.196078431372549
0.013454721237512086	4.196078431372549
0.013470834676119883	1.1176470588235294
0.013486948114727683	1.1176470588235294
0.013503061553335482	1.1176470588235294
0.013519174991943281	1.1176470588235294
0.01353528843055108	4.196078431372549
0.013551401869158878	4.196078431372549
0.013567515307766677	4.196078431372549
0.013583628746374476	4.137254901960784
0.013599742184982276	1.1176470588235294
0.013615855623590073	1.1176470588235294
0.013631969062197873	1.1176470588235294
0.013648082500805672	1.1176470588235294
0.013664195939413471	4.137254901960784
0.01368030937802127	4.137254901960784
0.013696422816629068	4.137254901960784
0.013712536255236867	1.5490196078431373
0.013728649693844667	1.1176470588235294
0.013744763132452466	1.1176470588235294
0.013760876571060265	1.1176470588235294
0.013776990009668063	4.137254901960784
0.013793103448275862	4.137254901960784
0.013809216886883661	4.137254901960784
0.01382533032549146	4.137254901960784
0.013841443764099258	1.1176470588235294
0.013857557202707057	1.1176470588235294
0.013873670641314857	1.1176470588235294
0.013889784079922656	1.1176470588235294
0.013905897518530455	4.137254901960784
0.013922010957138253	4.137254901960784
0.013938124395746052	4.137254901960784
0.013954237834353851	4.137254901960784
0.01397035127296165	1.1176470588235294
0.01398646471156945	1.1176470588235294
0.014002578150177247	1.1176470588235294
0.014018691588785047	1.1176470588235294
0.014034805027392846	4.137254901960784
0.014050918466000645	4.137254901960784
0.014067031904608443	4.137254901960784
0.014083145343216242	4.137254901960784
0.014099258781824041	1.1176470588235294
0.01411537222043184	1.1176470588235294
0.01413148565903964	1.1176470588235294
0.014147599097647437	4.137254901960784
0.014163712536255237	4.137254901960784
0.014179825974863036	4.137254901960784
0.014195939413470835	4.137254901960784
0.014212052852078634	1.1176470588235294
0.014228166290686432	1.1176470588235294
0.014244279729294231	1.1176470588235294
0.01426039316790203	1.1176470588235294
0.01427650660650983	4.137254901960784
0.014292620045117627	4.137254901960784
0.014308733483725427	4.137254901960784
0.014324846922333226	4.137254901960784
0.014340960360941025	1.1176470588235294
0.014357073799548824	1.1176470588235294
0.014373187238156622	1.1176470588235294
0.014389300676764421	1.1176470588235294
0.01440541411537222	4.137254901960784
0.01442152755398002	4.137254901960784
0.014437640992587819	4.137254901960784
0.014453754431195617	4.137254901960784
0.014469867869803416	1.1176470588235294
0.014485981308411215	1.1176470588235294
0.014502094747019014	1.1176470588235294
0.014518208185626812	3.607843137254902
0.014534321624234611	4.137254901960784
0.01455043506284241	4.137254901960784
0.01456654850145021	4.137254901960784
0.014582661940058009	1.1176470588235294
0.014598775378665807	1.1176470588235294
0.014614888817273606	1.1176470588235294
0.014631002255881405	1.1176470588235294
0.014647115694489204	4.137254901960784
0.014663229133097004	4.137254901960784
0.014679342571704801	4.137254901960784
0.0146954560103126	4.137254901960784
0.0147115694489204	1.1176470588235294
0.014727682887528199	1.1176470588235294
0.014743796326135997	1.1176470588235294
0.014759909764743796	1.1176470588235294
0.014776023203351595	4.137254901960784
0.014792136641959394	4.137254901960784
0.014808250080567194	4.137254901960784
0.014824363519174991	4.137254901960784
0.01484047695778279	1.1176470588235294
0.01485659039639059	1.1176470588235294
0.01487270383499839	1.1176470588235294
0.014888817273606188	1.1176470588235294
0.014904930712213986	4.137254901960784
0.014921044150821785	4.137254901960784
0.014937157589429585	4.137254901960784
0.014953271028037384	1.1568627450980393
0.014969384466645181	1.1176470588235294
0.01498549790525298	1.1176470588235294
0.01500161134386078	1.1176470588235294
0.01501772478246858	4.137254901960784
0.015033838221076378	4.137254901960784
0.015049951659684176	4.137254901960784
0.015066065098291975	4.137254901960784
0.015082178536899775	1.1176470588235294
0.015098291975507574	1.1176470588235294
0.015114405414115371	1.1176470588235294
0.01513051885272317	1.1176470588235294
0.01514663229133097	4.137254901960784
0.01516274572993877	4.137254901960784
0.015178859168546568	4.137254901960784
0.015194972607154366	4.137254901960784
0.015211086045762165	1.1176470588235294
0.015227199484369965	1.1176470588235294
0.015243312922977764	1.1176470588235294
0.015259426361585563	1.1176470588235294
0.01527553980019336	4.137254901960784
0.01529165323880116	4.137254901960784
0.01530776667740896	4.137254901960784
0.015323880116016758	2.784313725490196
0.015339993554624556	1.1176470588235294
0.015356106993232355	1.1176470588235294
0.015372220431840155	1.1176470588235294
0.015388333870447954	4.137254901960784
0.015404447309055753	4.137254901960784
0.01542056074766355	4.137254901960784
0.01543667418627135	4.137254901960784
0.01545278762487915	1.1176470588235294
0.015468901063486949	1.1176470588235294
0.015485014502094748	1.1176470588235294
0.015501127940702545	1.1176470588235294
0.015517241379310345	4.137254901960784
0.015533354817918144	4.137254901960784
0.015549468256525943	4.137254901960784
0.01556558169513374	4.137254901960784
0.01558169513374154	1.1176470588235294
0.01559780857234934	1.1176470588235294
0.015613922010957139	1.1176470588235294
0.015630035449564938	1.1176470588235294
0.015646148888172735	4.137254901960784
0.015662262326780536	4.137254901960784
0.015678375765388334	4.137254901960784
0.01569448920399613	4.196078431372549
0.015710602642603932	1.1176470588235294
0.01572671608121173	1.1176470588235294
0.01574282951981953	1.1176470588235294
0.01575894295842733	4.137254901960784
0.015775056397035126	4.137254901960784
0.015791169835642927	4.137254901960784
0.015807283274250725	4.137254901960784
0.015823396712858526	1.1176470588235294
0.015839510151466323	1.1176470588235294
0.01585562359007412	1.1176470588235294
0.015871737028681922	1.1176470588235294
0.01588785046728972	4.137254901960784
0.015903963905897517	4.137254901960784
0.015920077344505318	4.137254901960784
0.015936190783113115	4.137254901960784
0.015952304221720916	1.1176470588235294
0.015968417660328714	1.1176470588235294
0.01598453109893651	1.1176470588235294
0.016000644537544313	1.1176470588235294
0.01601675797615211	4.137254901960784
0.01603287141475991	4.137254901960784
0.01604898485336771	4.137254901960784
0.016065098291975506	4.137254901960784
0.016081211730583307	1.1176470588235294
0.016097325169191105	1.1176470588235294
0.016113438607798906	1.1176470588235294
0.016129552046406703	2.1568627450980395
0.0161456654850145	4.137254901960784
0.016161778923622302	4.137254901960784
0.0161778923622301	4.137254901960784
0.0161940058008379	1.1568627450980393
0.016210119239445698	1.1176470588235294
0.016226232678053495	1.1176470588235294
0.016242346116661296	1.1176470588235294
0.016258459555269094	4.137254901960784
0.016274572993876895	4.137254901960784
0.016290686432484693	4.137254901960784
0.01630679987109249	4.137254901960784
0.01632291330970029	1.1176470588235294
0.01633902674830809	1.1176470588235294
0.016355140186915886	1.1176470588235294
0.016371253625523687	1.1176470588235294
0.016387367064131485	4.137254901960784
0.016403480502739286	4.137254901960784
0.016419593941347083	4.137254901960784
0.01643570737995488	4.137254901960784
0.016451820818562682	1.1176470588235294
0.01646793425717048	1.1176470588235294
0.01648404769577828	1.1176470588235294
