0.0	2560.2941176470586
62.5	45.18049397197028
125.0	75.08696607904953
187.5	8.150844631512026
250.0	45.659016272936704
312.5	10.636466045141935
375.0	37.87496634459837
437.5	13.786632378702294
500.0	29.89197877814208
562.5	24.17472670666552
625.0	26.108929100033883
687.5	22.140293418542125
750.0	23.947438554066373
812.5	32.007708056496575
875.0	18.510413576610762
937.5	12.94000142145781
1000.0	18.89623617708514
1062.5	7.654763317486343
1125.0	8.777669872527094
1187.5	5.600690586173614
1250.0	3.7169643567761805
1312.5	7.155897955885473
1375.0	4.8879799121063385
1437.5	9.071760866457101
1500.0	6.8676686962874065
1562.5	8.400781333808967
1625.0	10.071863746004151
1687.5	5.03805830734888
1750.0	7.6885510297641915
1812.5	9.561353120375538
1875.0	14.171604381593355
1937.5	18.595194549300178
2000.0	39.2562053672257
2062.5	162.24138803042138
2125.0	53.2585339322362
2187.5	19.044823975284277
2250.0	12.476573004701295
2312.5	5.237403190322023
2375.0	8.394386851685702
2437.5	3.0904251075647173
2500.0	11.154121412704377
2562.5	4.056244002238632
2625.0	7.887155730375342
2687.5	3.0775783287711067
2750.0	7.062003056045656
2812.5	2.5335327150495988
2875.0	4.201987379269574
2937.5	3.0131968200865757
3000.0	2.263216780183115
3062.5	1.687654448957348
3125.0	2.6057788634606607
3187.5	2.501870081724804
3250.0	3.4107219381389933
3312.5	1.1269999004507862
3375.0	6.046644422716277
3437.5	2.594412525843022
3500.0	4.601588083174462
3562.5	2.6488252008723148
3625.0	5.172381801570895
3687.5	1.6496316968665947
3750.0	5.582731581812123
3812.5	0.8375394204165884
3875.0	9.156129059843328
3937.5	11.963943336693461
4000.0	7.960177209919009
4062.5	3.3133335112353444
4125.0	1.7483193382315907
4187.5	3.952467620625896
4250.0	2.1111813965591586
4312.5	3.3766225756855306
4375.0	1.7046788468717329
4437.5	2.5189129643524297
4500.0	1.0553137071312515
4562.5	1.628283971474118
4625.0	1.9085029962002347
4687.5	2.7300246500899044
4750.0	1.64214812834409
4812.5	1.971635829901662
4875.0	1.4164169284891108
4937.5	1.2255522326520383
5000.0	0.5511028573988944
5062.5	2.051710717946533
5125.0	0.7091966189649668
5187.5	2.0463143925157317
5250.0	0.49415881353054997
5312.5	0.6157980146392512
5375.0	2.2876314387629066
5437.5	1.4325899716586425
5500.0	2.1721343466736838
5562.5	1.5339848502741444
5625.0	2.493727475438689
5687.5	2.31455141896267
5750.0	1.321722318439304
5812.5	1.029513680862184
5875.0	2.4531708530316476
5937.5	1.2102917338262456
6000.0	2.156899764417586
6062.5	1.7322531726517163
6125.0	1.3379400417312273
6187.5	1.2773479643624628
6250.0	1.3788003834641838
6312.5	2.1629142688792053
6375.0	1.584214116873285
6437.5	1.0960250530524471
6500.0	1.748563128663103
6562.5	1.1971912780258052
6625.0	1.9875960611566754
6687.5	2.6661956222917196
6750.0	0.9882118231287332
6812.5	2.3614723701479017
6875.0	1.1516716165223388
6937.5	0.9083490107846123
7000.0	1.721927787408444
7062.5	1.9556680179528392
7125.0	1.2847273324833945
7187.5	2.1307509453973257
7250.0	2.0134674469259406
7312.5	1.8336044212319018
7375.0	1.1813626684141683
7437.5	2.256155476518372
7500.0	3.467968299438016
7562.5	3.501819498601304
7625.0	2.455842265733986
7687.5	3.9280332552064565
7750.0	1.7974238054329832
7812.5	6.669008010627558
7875.0	2.7366928447267607
7937.5	4.39227974408265
8000.0	2.164918631344636
8062.5	1.9915774784540698
8125.0	3.040229719992893
8187.5	1.7468638852525744
8250.0	2.7204268581012485
8312.5	4.852599187315522
8375.0	2.2253950854094
8437.5	1.4295441186237177
8500.0	2.0916481314928452
8562.5	2.959022584791396
8625.0	1.8649996547400913
8687.5	2.510057014030455
8750.0	1.193280421324882
8812.5	2.1059555241844974
8875.0	1.381355753120127
8937.5	1.5221274075077964
9000.0	1.508449671321656
9062.5	2.0856181267902216
9125.0	3.033614214460882
9187.5	1.4320212744677157
9250.0	1.699640070154541
9312.5	2.5244400747030897
9375.0	1.7381885634289338
9437.5	1.6735824970599162
9500.0	1.3497134979841452
9562.5	1.6412247639306987
9625.0	1.821533307316058
9687.5	2.048111042964034
9750.0	1.61767862100231
9812.5	1.463280125329398
9875.0	2.6156241409192877
9937.5	1.840166766070515
10000.0	1.7633222842818876
10062.5	1.1360001140871012
10125.0	1.9760469618900465
10187.5	1.082040444934843
10250.0	1.2228515221628993
10312.5	1.8878017712280781
10375.0	1.7441665522743535
10437.5	1.8453570600199254
10500.0	2.027799728079983
10562.5	2.4842508783519923
10625.0	1.770531746438323
10687.5	1.1722337553049862
10750.0	1.4670880779400757
10812.5	1.5066258441882405
10875.0	1.03451777680582
10937.5	2.3132099444732805
11000.0	1.4824895318094793
11062.5	1.178160898801325
11125.0	1.5786587784902517
11187.5	2.0918147646556684
11250.0	2.0296903112763927
11312.5	2.272840822747006
11375.0	2.3674985145220218
11437.5	1.7346007008313997
11500.0	1.7343174633524583
11562.5	1.4440673094388314
11625.0	1.2991663674810146
11687.5	1.7335481327474185
11750.0	1.1430874465045018
11812.5	1.3295601835102058
11875.0	2.8848692043444237
11937.5	1.1661930973655847
12000.0	2.4648119599429426
12062.5	1.397563780241414
12125.0	1.1221306965982258
12187.5	1.3885008539900352
12250.0	2.1306188808659203
12312.5	2.5828447242118666
12375.0	1.7785819821012077
12437.5	2.2365113122125684
12500.0	1.2220485368486043
12562.5	1.0746155974081886
12625.0	1.4951132582938689
12687.5	1.4110907862428859
12750.0	1.92459091895507
12812.5	1.158614333519982
12875.0	1.3561829700362347
12937.5	1.5590596999908988
13000.0	1.8581752899827852
13062.5	1.2709210260927835
13125.0	2.08433737554549
13187.5	1.2232162108264046
13250.0	1.4313188478604963
13312.5	2.1114587713757667
13375.0	1.5060207401007661
13437.5	1.2621468236960705
13500.0	1.9952315137054737
13562.5	1.9418631662844612
13625.0	2.473688189158529
13687.5	0.9109504094744127
13750.0	1.6021813955056727
13812.5	1.2274245457467032
13875.0	1.9113303478657806
13937.5	1.6513489966726114
14000.0	0.9871714965056556
14062.5	1.1387124249266227
14125.0	2.9000030414871816
14187.5	1.893675464319673
14250.0	1.641489692960481
14312.5	1.4095930689357443
14375.0	1.6363793703660525
14437.5	1.159167391591607
14500.0	2.0151193638171216
14562.5	1.0237536481657592
14625.0	2.2233914323767885
14687.5	1.3500771176131783
14750.0	1.646054086258191
14812.5	1.8581661331481716
14875.0	1.5804950205787671
14937.5	2.154418210509535
15000.0	0.9871848497613992
15062.5	1.5340409752592283
15125.0	1.5660789909562842
15187.5	1.480459113382342
15250.0	1.7186584208148927
15312.5	1.4848678331669283
15375.0	1.3637044111853367
15437.5	1.5605266110934917
15500.0	2.0529913469779166
15562.5	1.8470384570761638
15625.0	1.6425283355879952
15687.5	1.5047008696675648
15750.0	2.1089145365516866
15812.5	0.5280354851416701
15875.0	1.1912591248667506
15937.5	1.4965472657160834
16000.0	2.214297673496428
16062.5	1.4876474581047021
16125.0	1.6902597636208683
16187.5	1.8515850896889487
16250.0	1.7063711728357265
16312.5	1.616627588647294
16375.0	1.6584951437312312
16437.5	0.990834832759868
16500.0	1.8557042768933132
16562.5	1.7323667780251755
16625.0	1.7179397973034527
16687.5	1.9600524705533282
16750.0	1.2261346404594662
16812.5	1.199270822469363
16875.0	1.2726296127962367
16937.5	1.2833050430718809
17000.0	1.814023960069568
17062.5	1.1585724499699535
17125.0	1.7795382827376103
17187.5	1.5386511703453003
17250.0	1.4827152264528678
17312.5	1.0131904099043842
17375.0	0.9718940894710038
17437.5	1.431981342197465
17500.0	1.9416809884182014
17562.5	2.3999418544725177
17625.0	1.686471883229503
17687.5	0.9898953117434837
17750.0	1.5673657392344553
17812.5	1.4719011625889669
17875.0	1.4192183669793772
17937.5	1.1724075342420999
18000.0	1.7626104809966285
18062.5	2.114860963940445
18125.0	1.552766402980343
18187.5	2.3234259122736605
18250.0	1.5310129027173827
18312.5	1.243219137877692
18375.0	1.469122521722119
18437.5	1.3286762012493611
18500.0	1.64470881520768
18562.5	1.26011918701609
18625.0	2.052320612265809
18687.5	1.6903659505092186
18750.0	1.580542271916666
18812.5	1.396703276370198
18875.0	1.4182744017163287
18937.5	1.8058557972065747
19000.0	1.0085159190537778
19062.5	1.1278348989254228
19125.0	0.7788661623544791
19187.5	0.7359648195735475
19250.0	1.873179247015424
19312.5	1.3733872957273474
19375.0	1.121541952683107
19437.5	1.7462381307737824
19500.0	1.6750463746009996
19562.5	1.5197371149839387
19625.0	1.6132607602784
19687.5	1.767822421183342
19750.0	1.4117958739150036
19812.5	1.50463633242354
19875.0	1.3366901050545537
19937.5	1.557633445955442
20000.0	1.5786586414809098
20062.5	1.547381328242901
20125.0	1.369806900282428
20187.5	1.9136397251320656
20250.0	1.7871804617684133
20312.5	1.8624066800822277
20375.0	1.0031492000498183
20437.5	1.5135154109056967
20500.0	1.8768096358554174
20562.5	1.5678323090087403
20625.0	2.5192850785750114
20687.5	1.970529551050022
20750.0	1.5960824611005509
20812.5	1.5139993622713566
20875.0	1.4924737730699664
20937.5	0.9597573192306966
21000.0	1.680226396499036
21062.5	2.004691149649661
21125.0	1.2727952450832465
21187.5	2.2096604769626946
21250.0	1.6717986605588002
21312.5	1.8626231421798745
21375.0	0.9381319562413778
21437.5	1.9550517958067968
21500.0	1.3943241152552217
21562.5	1.9791267054477808
21625.0	1.7632403756000494
21687.5	1.2057120952974194
21750.0	1.05315241394252
21812.5	1.681020444299021
21875.0	1.684497583266861
21937.5	1.3108897989188846
22000.0	1.1540640048973771
22062.5	1.2244300930267709
22125.0	0.9285883099144259
22187.5	0.9542543097916552
22250.0	2.323005410336541
22312.5	1.3492306384508843
22375.0	1.0981101109975424
22437.5	1.3630813719858916
22500.0	1.0164594339776118
22562.5	1.6487390431221678
22625.0	1.84468345380949
22687.5	0.9753284533087598
22750.0	1.4381974861693951
22812.5	1.704842732962905
22875.0	1.3278226087619909
22937.5	1.6743659346522175
23000.0	1.4106330190874163
23062.5	1.1189814377064462
23125.0	1.0192648296587514
23187.5	1.4777260968315984
23250.0	1.7982929094957332
23312.5	1.3147689532227487
23375.0	1.5914978478555502
23437.5	1.2772901937028385
23500.0	1.3554107835919995
23562.5	2.1611336120374363
23625.0	1.818680746038869
23687.5	1.858815520041328
23750.0	1.6440049592431307
23812.5	2.49709796678493
23875.0	2.1788228253095525
23937.5	1.1956219992354378
24000.0	1.777669612071926
24062.5	1.418912853088621
24125.0	1.3550405763526585
24187.5	1.3389844695233688
24250.0	1.9830939754476553
24312.5	1.2517693172249826
24375.0	1.2250107871087554
24437.5	1.8327465135218137
24500.0	1.6844816317681606
24562.5	1.5586465430581171
24625.0	1.7259850765093514
24687.5	2.0101729598969666
24750.0	1.43038241396798
24812.5	1.2280283790880848
24875.0	0.9737816872804738
24937.5	1.878713427506306
25000.0	2.1047183631860213
25062.5	2.1226576097470504
25125.0	1.2034964319474553
25187.5	1.8599716118768466
25250.0	1.4319224668136061
25312.5	2.0778365059051733
25375.0	1.535979549240866
25437.5	1.6274831317880554
25500.0	1.232741873655852
25562.5	1.6861701243500262
25625.0	1.5567478378999406
25687.5	1.3644406913037832
25750.0	1.20845496766885
25812.5	1.421748687479043
25875.0	2.1377107550692767
25937.5	1.5868418844890688
26000.0	1.5716745212282206
26062.5	1.8951528027303652
26125.0	1.6167100592295771
26187.5	0.9554372129011801
26250.0	1.1865089368250006
26312.5	1.575627436465147
26375.0	2.431550141487141
26437.5	1.2655444854912696
26500.0	1.6739917080106343
26562.5	1.2181453988887252
26625.0	1.834826252981223
26687.5	1.377392272740667
26750.0	0.8926731801544993
26812.5	1.5517898059515403
26875.0	1.4189778259149248
26937.5	2.083335300644879
27000.0	1.0897212023856029
27062.5	1.6002378190540398
27125.0	1.4596552940962972
27187.5	1.5721284955217347
27250.0	1.8819412025137954
27312.5	1.3622365263808978
27375.0	1.477254902954644
27437.5	1.1047662254874542
27500.0	1.7057230876871632
27562.5	1.316132469486625
27625.0	1.5313724241162159
27687.5	1.6135414457212496
27750.0	1.416957636177855
27812.5	1.005064451993502
27875.0	1.7274072876030235
27937.5	1.4677222045978902
28000.0	1.8053249115315686
28062.5	1.6918254576275482
28125.0	1.5403625654802033
28187.5	1.5608855969879007
28250.0	1.1460540171848863
28312.5	1.836522798624208
28375.0	1.9466520843804171
28437.5	1.4149404880272274
28500.0	1.4658615191883118
28562.5	1.7328144908861853
28625.0	1.1019766272834464
28687.5	1.2339500755436008
28750.0	1.5208537199114667
28812.5	2.006919545774357
28875.0	0.794357309470903
28937.5	1.1024746518630026
29000.0	1.970910836570001
29062.5	1.2080542029490429
29125.0	1.6921992046033048
29187.5	1.528688316263853
29250.0	1.750723402056492
29312.5	1.808740164208638
29375.0	1.7336429420754649
29437.5	1.2695273256622026
29500.0	1.325654989677258
29562.5	1.5945121089987866
29625.0	1.1991845014047762
29687.5	1.5294426495950533
29750.0	1.4860785664854548
29812.5	1.6759813834624337
29875.0	1.7463303962545882
29937.5	1.7015435868998512
30000.0	1.623261825186799
30062.5	1.613242617805007
30125.0	1.390921168183892
30187.5	1.5546730118029841
30250.0	1.4453885354027844
30312.5	1.528393214890286
30375.0	2.0353853084408264
30437.5	1.335501299924283
30500.0	1.4287281850788538
30562.5	1.4016268422649234
30625.0	1.4542298798082849
30687.5	1.9724263527286967
30750.0	1.1952445805316434
30812.5	1.4121737139658688
30875.0	1.695373821883121
30937.5	2.1332384247256293
31000.0	1.2668291869354484
31062.5	2.1375427398156797
31125.0	1.400472187835103
31187.5	1.398076309731798
31250.0	1.7038325471537563
31312.5	2.06331934293957
31375.0	2.003784660694727
31437.5	0.9833819307269903
31500.0	1.4489669091899584
31562.5	1.3965092500888683
31625.0	1.7643075407825564
31687.5	2.0654306610498225
31750.0	1.7930198172443332
31812.5	1.9052005996493369
31875.0	1.51983978545932
31937.5	0.8621646677817435
32000.0	1.1176470588236498
